Puzzles in this File:
Puzzle #		Difficulty 		Solved		Solved by Brute Force 
Puzzle 1 		Medium? 		n 	
Puzzle 2 		Simple 			YES
Puzzle 3 		Easy 			n			YES 
Puzzle 4 		Difficult 		n			YES 

puzzle 1: Medium
0 0 0   4 0 0   0 5 0   
4 0 0   9 0 0   0 0 0   
3 0 2   8 0 0   0 0 0   

0 0 0   0 0 0   0 6 9   
0 0 0   0 0 7   0 0 3   
0 0 1   0 8 0   0 0 0   

0 9 0   0 5 0   4 0 1   
0 6 0   0 3 0   5 0 0   
0 2 0   0 0 0   9 0 0   

puzzle 1 input: 
0,0,0,4,0,0,3,0,2
4,0,0,9,0,0,8,0,0
0,5,0,0,0,0,0,0,0
0,0,0,0,0,0,0,0,1
0,0,0,0,0,7,0,8,0
0,6,9,0,0,3,0,0,0
0,9,0,0,6,0,0,2,0
0,5,0,0,3,0,0,0,0
4,0,1,5,0,0,9,0,0



puzzle 2: Simple 
0 0 4 	0 6 0	9 0 0 
0 0 0	2 0 9	0 0 0
7 0 8	0 4 0 	2 0 5

0 6 0 	8 0 4	0 5 0 
5 0 3	0 0 0 	7 0 9
0 7 0 	3 0 5	0 2 0 

8 0 5	0 1 0 	3 0 6
0 0 0 	4 0 8	0 0 0
0 0 2	0 5 0 	8 0 0

puzzle 2 input: 
0,0,4,0,0,0,7,0,8
0,6,0,2,0,9,0,4,0
9,0,0,0,0,0,2,0,5
0,6,0,5,0,3,0,7,0
8,0,4,0,0,0,3,0,5
0,5,0,7,0,9,0,2,0
8,0,5,0,0,0,0,0,2
0,1,0,4,0,8,0,5,0
3,0,6,0,0,0,8,0,0




Puzzle 3:
0 0 8 	0 9 0 	0 4 0
5 0 0 	0 2 0 	0 0 8
0 3 0 	1 0 8 	7 2 0

0 0 0 	8 1 6 	3 0 0
3 6 0 	0 7 0 	0 8 0
0 0 5 	2 3 0 	0 0 0

0 7 3 	0 0 1 	0 9 0
9 0 0 	0 6 0 	0 0 7
0 5 0 	0 8 0 	1 0 0

Puzzle 3 solution: 
1 2 8	6 9 7	5 4 3
5 9 7	4 2 3	6 1 8
4 3 6	1 5 8	7 2 9

2 4 9	8 1 6	3 7 5
3 6 1	9 7 5	4 8 2
7 8 5	2 3 4	9 6 1

8 7 3	5 4 1	2 9 6
9 1 4	3 6 2	8 5 7
6 5 2	7 8 9	1 3 4

puzzle 3 input: 
0,0,8,5,0,0,0,3,0
0,9,0,0,2,0,1,0,8
0,4,0,0,0,8,7,2,0
0,0,0,3,6,0,0,0,5
8,1,6,0,7,0,2,3,0
3,0,0,0,8,0,0,0,0
0,7,3,9,0,0,0,5,0
0,0,1,0,6,0,0,8,0
0,9,0,0,0,7,1,0,0



puzzle 4: difficult: 
7 3 0	0 2 8	0 0 0
8 0 0	0 0 0	0 0 9
0 0 9	0 0 6	0 0 0

0 0 0	0 0 7	8 0 0
0 0 1	0 0 0	2 0 0
0 0 6	5 0 0	0 0 0

0 0 0	4 0 0	9 0 0
6 9 0	0 0 0	0 0 4
0 0 0	1 9 0	0 5 6


puzzle 4 solution:
7 3 5	9 2 8	6 4 1
8 6 2	3 4 1	5 7 9
1 4 9	7 5 6	3 8 2

9 5 4	2 1 7	8 6 3
3 7 1	6 8 4	2 9 5
2 8 6	5 3 9	4 1 7

5 1 7	4 6 2	9 3 8
6 9 3	8 7 5	1 2 4
4 2 8	1 9 3	7 5 6

Puzzle 4 input:
7,3,0,8,0,0,0,0,9
0,2,8,0,0,0,0,0,6
0,0,0,0,0,9,0,0,0
0,0,0,0,0,1,0,0,6
0,0,7,0,0,0,5,0,0
8,0,0,2,0,0,0,0,0
0,0,0,6,9,0,0,0,0
4,0,0,0,0,0,1,9,0
9,0,0,0,0,4,0,5,6










